##TITLE= Parameter file, TopSpin 3.5 pl 6
##JCAMPDX= 5.0
##DATATYPE= Parameter Values
##NPOINTS= 20	$$ modification sequence number
##ORIGIN= Bruker BioSpin GmbH
##OWNER= buitrago
$$ 2023-09-26 12:19:52.459 -0400  buitrago@nmr50pri.chem.columbia.edu
$$ /400SL/data/buitrago/nmr/20230526_hydrolysis/189/acqu
$$ process /opt/topspin3.5pl6/prog/mod/shimcntl
##$ACQT0= 0
##$AMP= (0..31)
100 100 100 100 100 100 100 100 100 100 100 100 100 100 100 100 100 100
100 100 100 100 100 100 100 100 100 100 100 100 100 100
##$AMPCOIL= (0..19)
0 0 0 0 0 0 0 0 0 0 0 0 0 0 0 0 0 0 0 0
##$ANAVPT= 1
##$AQSEQ= 0
##$AQ_mod= 3
##$AUNM= <au_zg>
##$AUTOPOS= <>
##$BF1= 400.13
##$BF2= 100.612769
##$BF3= 400.13
##$BF4= 400.13
##$BF5= 400.13
##$BF6= 400.13
##$BF7= 400.13
##$BF8= 400.13
##$BWFAC= (0..63)
0 0 0 0 0 0 0 0 0 0 0 0 0 0 0 0 0 0 0 0 0 0 0 0 0 0 0 0 0 0 0 0 0 0 0 0
0 0 0 0 0 0 0 0 0 0 0 0 0 0 0 0 0 0 0 0 0 0 0 0 0 0 0 0
##$BYTORDA= 0
##$CAGPARS= (0..11)
0 0 0 0 0 0 0 0 0 0 0 0
##$CHEMSTR= <none>
##$CNST= (0..63)
1 1 145 1 1 1 1 1 1 1 1 1 1 1 1 1 1 1 1 1 1 80 30 20 1 1 1 1 1 1 1 1 1
1 1 1 1 1 1 1 1 1 1 1 1 1 1 1 1 1 1 1 1 1 1 1 1 1 1 1 1 1 1 1
##$CPDPRG= (0..8)
<garp> <> <garp> <> <mlev> <mlev> <mlev> <mlev> <mlev>
##$D= (0..63)
3e-06 1.5 0.00345 0.0023 0.001725 0 0 0.484 0 0 0 0.03 2e-05 3e-06 0 0
0.0002 0 0 0 0 0.00345 0 0 0 0 0 0 0 0 0 0 0 0 0 0 0 0 0 0 0 0 0 0 0 0
0 0 0 0 0 0 0 0 0 0 0 0 0 0 0 0 0 0
##$DATE= 0
##$DE= 6.5
##$DECBNUC= <off>
##$DECIM= 5576
##$DECNUC= <off>
##$DECSTAT= 4
##$DIGMOD= 1
##$DIGTYP= 12
##$DQDMODE= 0
##$DR= 23
##$DS= 16
##$DSPFIRM= 0
##$DSPFVS= 0
##$DTYPA= 0
##$EXP= <hsqcedsp.top>
##$FCUCHAN= (0..9)
0 2 1 0 0 0 0 0 0 0
##$FL1= 90
##$FL2= 90
##$FL3= 90
##$FL4= 90
##$FN_INDIRECT= (0..7)
0 0 0 0 0 0 0 0
##$FOV= 20
##$FQ1LIST= <freqlist>
##$FQ2LIST= <freqlist>
##$FQ3LIST= <freqlist>
##$FQ4LIST= <freqlist>
##$FQ5LIST= <freqlist>
##$FQ6LIST= <freqlist>
##$FQ7LIST= <freqlist>
##$FQ8LIST= <freqlist>
##$FRQLO3= 0
##$FRQLO3N= 0
##$FS= (0..7)
83 83 83 83 83 83 83 83
##$FTLPGN= 0
##$FW= 4032000
##$FnILOOP= 0
##$FnMODE= 0
##$FnTYPE= 0
##$GPNAM= (0..31)
<SINE.100> <SINE.100> <SINE.100> <SINE.100> <SINE.100> <SINE.100> <SINE.100>
<SINE.100> <SINE.100> <SINE.100> <SINE.100> <SINE.100> <SINE.100> <SINE.100>
<SINE.100> <SINE.100> <SINE.100> <SINE.100> <SINE.100> <SINE.100> <SINE.100>
<SINE.100> <SINE.100> <SINE.100> <SINE.100> <SINE.100> <SINE.100> <SINE.100>
<SINE.100> <SINE.100> <SINE.100> <SINE.100>
##$GPX= (0..31)
0 0 0 0 0 0 0 0 0 0 0 0 0 0 0 0 0 0 0 0 0 0 0 0 0 0 0 0 0 0 0 0
##$GPY= (0..31)
0 0 0 0 0 0 0 0 0 0 0 0 0 0 0 0 0 0 0 0 0 0 0 0 0 0 0 0 0 0 0 0
##$GPZ= (0..31)
0 80 20.1 20.1 0 0 0 0 0 0 0 0 0 0 0 0 0 0 0 0 0 0 0 0 0 0 0 0 0 0 0 0
##$GRDPROG= <3sine>
##$GRPDLY= -1
##$HDDUTY= 20
##$HDRATE= 20
##$HGAIN= (0..3)
0 0 0 0
##$HL1= 256
##$HL2= 90
##$HL3= 90
##$HL4= 90
##$HOLDER= 0
##$HPMOD= (0..7)
0 0 0 0 0 0 0 0
##$HPPRGN= 0
##$IN= (0..63)
3.00000000000001e-05 0.001 0.001 0.001 0.001 0.001 0.001 0.001 0.001 0.001
0.001 0.001 0.001 0.001 0.001 0.001 0.001 0.001 0.001 0.001 0.001 0.001
0.001 0.001 0.001 0.001 0.001 0.001 0.001 0.001 0.001 0.001 0.001 0.001
0.001 0.001 0.001 0.001 0.001 0.001 0.001 0.001 0.001 0.001 0.001 0.001
0.001 0.001 0.001 0.001 0.001 0.001 0.001 0.001 0.001 0.001 0.001 0.001
0.001 0.001 0.001 0.001 0.001 0.001
##$INF= (0..7)
0 60 0 0 0 0 0 0
##$INP= (0..63)
0 0 0 0 0 0 0 0 0 0 0 0 0 0 0 0 0 0 0 0 0 0 0 0 0 0 0 0 0 0 0 0 0 0 0 0
0 0 0 0 0 0 0 0 0 0 0 0 0 0 0 0 0 0 0 0 0 0 0 0 0 0 0 0
##$INSTRUM= <>
##$INTEGFAC= (0..63)
0 0 0 0 0 0 0 0 0 0 0 0 0 0 0 0 0 0 0 0 0 0 0 0 0 0 0 0 0 0 0 0 0 0 0 0
0 0 0 0 0 0 0 0 0 0 0 0 0 0 0 0 0 0 0 0 0 0 0 0 0 0 0 0
##$L= (0..31)
1 1 1 1 1 1 1 1 1 1 1 1 1 1 1 1 1 1 1 1 1 1 1 1 1 1 1 1 1 1 1 1
##$LFILTER= 10
##$LGAIN= -10
##$LINPSTP= 0
##$LOCKED= no
##$LOCKFLD= 0
##$LOCKGN= 0
##$LOCKPOW= -20
##$LOCKPPM= 0
##$LOCNUC= <2H>
##$LOCPHAS= 0
##$LOCSHFT= yes
##$LOCSW= 0
##$LTIME= 0.1
##$MASR= 4200
##$MASRLST= <masrlst>
##$MULEXPNO= (0..15)
0 0 0 0 0 0 0 0 0 0 0 0 0 0 0 0
##$NBL= 1
##$NC= 0
##$NLOGCH= 1
##$NOVFLW= 0
##$NS= 8
##$NUC1= <1H>
##$NUC2= <13C>
##$NUC3= <off>
##$NUC4= <off>
##$NUC5= <off>
##$NUC6= <off>
##$NUC7= <off>
##$NUC8= <off>
##$NUCLEUS= <off>
##$NUSLIST= <automatic>
##$NusAMOUNT= 25
##$NusFPNZ= no
##$NusJSP= 0
##$NusSEED= 54321
##$NusSPTYPE= 0
##$NusT2= 1
##$NusTD= 0
##$O1= 1920.624
##$O2= 7503.73275563732
##$O3= 2405.65833797746
##$O4= 2405.65833797746
##$O5= 2405.65833797746
##$O6= 2405.65833797746
##$O7= 2405.65833797746
##$O8= 2405.65833797746
##$OVERFLW= 0
##$P= (0..63)
12.65 12.65 25.3 9 18 19.8 30 60 20000 25 50 80000 80000 1000 500 0 1000
2500 100000 600 2000 0 0 0 2000 126 100000 12.65 1000 1000 0 2119 20000
0 0 0 40000 0 0 240 2000 0 0 4740 300 0 80000 46600 10000 0 0 0 0 0 0 0
0 0 0 0 0 0 0 1500
##$PACOIL= (0..15)
0 0 0 0 0 0 0 0 0 0 0 0 0 0 0 0
##$PAPS= 2
##$PARMODE= 1
##$PCPD= (0..9)
100 90 80 100 100 100 100 100 100 100
##$PEXSEL= (0..9)
1 1 1 1 1 1 1 1 1 1
##$PHCOR= (0..31)
0 0 0 0 0 0 0 0 0 0 0 0 0 0 0 0 0 0 0 0 0 0 0 0 0 0 0 0 0 0 0 0
##$PHLIST= <>
##$PHP= 1
##$PH_ref= 0
##$PL= (0..63)
120 -4 3.2 120 120 120 120 120 120 50.42 6.55 18.38 20.5 120 120 12.57
120 120 -4 14.51 120 120 120 120 120 120 120 18.38 120 120 20.5 16.65 120
120 120 120 120 120 120 120 120 120 120 120 120 120 120 120 120 120 120
120 120 120 120 120 120 120 120 120 120 120 120 120
##$PLSTEP= 0.1
##$PLSTRT= -6
##$PLW= (0..63)
0 34.995 52 0 0 -1 -1 -1 -1 0.000224 6.2221 0.33136 0.65812 0.33103 0 6.7391
0 -1 34.995 0.69135 -1 0.067391 -1 0 0.0074879 0.78619 0.16453 1.4109 -1
6.2221 0.65812 2.6325 8.9599e-06 0 -1 -1 0 -1 -1 -1 -1 -1 -1 -1 -1 -1 -1
-1 -1 -1 -1 -1 -1 -1 -1 -1 -1 -1 -1 -1 -1 -1 -1 -1
##$PLWMAX= (0..7)
0 0 0 0 0 0 0 0
##$PQPHASE= 0
##$PQSCALE= 0
##$PR= 3
##$PRECHAN= (0..15)
-1 3 -1 1 -1 -1 -1 2 -1 -1 -1 -1 -1 -1 -1 -1
##$PRGAIN= 0
##$PROBHD= <01>
##$PULPROG= <hsqcedetgpsp.3>
##$PW= 0
##$PYNM= <acqu.py>
##$ProjAngle= 0
##$QNP= 1
##$RD= 0
##$RECCHAN= (0..15)
0 2 0 0 0 0 0 0 0 0 0 0 0 0 0 0
##$RECPH= 0
##$RECPRE= (0..15)
-1 1 -1 -1 -1 -1 -1 -1 -1 -1 -1 -1 -1 -1 -1 -1
##$RECPRFX= (0..15)
-1 -1 -1 -1 -1 -1 -1 -1 -1 -1 -1 -1 -1 -1 -1 -1
##$RECSEL= (0..15)
0 0 1 0 0 0 0 0 0 0 0 0 0 0 0 0
##$RG= 256
##$RO= 0
##$RSEL= (0..15)
0 1 3 0 0 0 0 0 0 0 0 0 0 0 0 0
##$S= (0..7)
83 83 83 83 83 83 83 83
##$SELREC= (0..9)
0 0 0 0 0 0 0 0 0 0
##$SFO1= 400.131920624
##$SFO2= 100.620272732756
##$SFO3= 400.132405658338
##$SFO4= 400.132405658338
##$SFO5= 400.132405658338
##$SFO6= 400.132405658338
##$SFO7= 400.132405658338
##$SFO8= 400.132405658338
##$SOLVENT= <DMSO>
##$SOLVOLD= <off>
##$SP= (0..63)
1 66.39 60.37 12.77 14.15 0 56.04 12.77 120 0 34.96 34.96 0 0 14.25 0 150
150 18.98 58.33 56.42 59.73 52.41 150 150 150 150 150 150 20.22 150 20.27
120 120 120 120 120 120 120 120 120 120 120 120 120 120 120 120 120 120
120 120 120 120 120 120 120 120 120 120 120 120 120 120
##$SPECTR= 0
##$SPINCNT= 0
##$SPNAM= (0..63)
<gauss> <Gaus1_270.1000> <Gaus1_180r.1000> <Crp60,0.5,20.1> <Bip720,100,10.1>
<Sinc1.1000> <Squa100.1000> <Crp60comp.4> <Squa100.1000> <gauss> <Sinc1.1000>
<Sinc1.1000> <gauss> <gauss> <Crp32,1.5,20.2> < > <gauss> <gauss> <Crp60_xfilt.2>
<Sinc1.1000> <Sinc1.1000> <Sinc1.1000> <Sinc1.1000> <gauss> <gauss> <gauss>
<Q3_surbop.1> <gauss> <gauss> <Crp60,20,20.10> <Bip720,50,20.1> <Crp32,1.5,20.2>
<Q3_surbop.1> <> <Rsnob.1000> <Gaus1_180r.1000> <Gaus1_180r.1000> <> <>
<> <> <Squa100.1000> <> <> <> <> <> <> <> <> <> <> <> <> <> <> <> <> <>
<> <> <> <> <>
##$SPOAL= (0..63)
0.5 1 0.5 0.5 0.5 0.5 0.5 0.5 0.5 0.5 0.5 0.5 0.5 0.5 0.5 0.5 0.5 0.5 0.5
1 1 1 1 0.5 0.5 0.5 0.5 0.5 0.5 0.5 0.5 0.5 0.5 0.5 0.5 0.5 0.5 0.5 0.5
0.5 0.5 0.5 0.5 0.5 0.5 0.5 0.5 0.5 0.5 0.5 0.5 0.5 0.5 0.5 0.5 0.5 0.5
0.5 0.5 0.5 0.5 0.5 0.5 0.5
##$SPOFFS= (0..63)
0 0 0 0 0 0 0 0 0 0 0 0 0 0 0 0 0 0 0 0 0 0 0 0 0 0 0 0 0 0 0 0 0 0 0 0
0 0 0 0 0 0 0 0 0 0 0 0 0 0 0 0 0 0 0 0 0 0 0 0 0 0 0 0
##$SPPEX= (0..63)
0 0 0 0 0 0 0 0 0 0 0 0 0 0 0 0 0 0 0 0 0 0 0 0 0 0 0 0 0 0 0 0 0 0 0 0
0 0 0 0 0 0 0 0 0 0 0 0 0 0 0 0 0 0 0 0 0 0 0 0 0 0 0 0
##$SPW= (0..63)
-1 4.6488e-05 2.0661e-05 6.4354 4.68 0.016147 0.000224 6.4354 5.5999e-07
-1 0.016147 0.016147 -1 -1 2.7458 -1 -1 -1 1.2397 3.298066e-05 5.126736e-05
2.393822e-05 0.0001290969 -1 -1 -1 0.00072537 -1 -1 0.2139 3.9822 0.68644
0.051656 -1 0.00022588 2.0661e-05 0.0013223 -1 -1 -1 -1 5.5999e-07 -1 -1
-1 -1 -1 -1 -1 -1 -1 -1 -1 -1 -1 -1 -1 -1 -1 -1 -1 -1 -1 -1
##$SUBNAM= (0..9)
<""> <""> <""> <""> <""> <""> <""> <""> <""> <"">
##$SW= 8.96404507866937
##$SWIBOX= (0..19)
0 1 0 3 0 0 0 0 0 0 0 0 0 0 0 0 0 0 0 0
##$SW_h= 3586.80057388809
##$SWfinal= 0
##$SigLockShift= 0
##$TD= 1024
##$TD0= 1
##$TD_INDIRECT= (0..7)
0 256 0 0 0 0 0 0
##$TDav= 0
##$TE= 300
##$TE1= 300
##$TE2= 300
##$TE3= 300
##$TE4= 300
##$TEG= 300
##$TE_MAGNET= 300
##$TE_PIDX= 0
##$TE_STAB= (0..9)
0 0 0 0 0 0 0 0 0 0
##$TL= (0..7)
120 120 120 120 120 120 120 120
##$TOTROT= (0..63)
0 0 0 0 0 0 0 0 0 0 0 0 0 0 0 0 0 0 0 0 0 0 0 0 0 0 0 0 0 0 0 0 0 0 0 0
0 0 0 0 0 0 0 0 0 0 0 0 0 0 0 0 0 0 0 0 0 0 0 0 0 0 0 0
##$TUBE_TYPE= <>
##$USERA1= <user>
##$USERA2= <user>
##$USERA3= <user>
##$USERA4= <user>
##$USERA5= <user>
##$V9= 5
##$VALIDCODE= 0
##$VALIST= <valist>
##$VCLIST= <CCCCCCCCCCCCCCC>
##$VDLIST= <DDDDDDDDDDDDDDD>
##$VPLIST= <PPPPPPPPPPPPPPP>
##$VTLIST= <TTTTTTTTTTTTTTT>
##$WBST= 1024
##$WBSW= 4
##$XGAIN= (0..3)
0 0 0 0
##$XL= 0
##$YL= 0
##$YMAX_a= 0
##$YMIN_a= 0
##$ZGOPTNS= <>
##$ZL1= 120
##$ZL2= 120
##$ZL3= 120
##$ZL4= 120
##END=
