##TITLE= Parameter file, TopSpin 3.5 pl 6
##JCAMPDX= 5.0
##DATATYPE= Parameter Values
##NPOINTS= 21	$$ modification sequence number
##ORIGIN= Bruker BioSpin GmbH
##OWNER= buitrago
$$ 2023-08-30 10:58:32.092 -0400  buitrago@nmr50pri.chem.columbia.edu
$$ /400SL/data/buitrago/nmr/20230710_hydrolysis_5vp/32/acqus
$$ process /opt/topspin3.5pl6/prog/mod/go4
##$ACQT0= 1000000
##$AMP= (0..31)
100 100 100 100 100 100 100 100 100 100 100 100 100 100 100 100 100 100
100 100 100 100 100 100 100 100 100 100 100 100 100 100
##$AMPCOIL= (0..19)
0 0 0 0 0 0 0 0 0 0 0 0 0 0 0 0 0 0 0 0
##$ANAVPT= -1
##$AQSEQ= 0
##$AQ_mod= 3
##$AUNM= <au_zg>
##$AUTOPOS= <>
##$BF1= 161.975593
##$BF2= 400.13
##$BF3= 400.13
##$BF4= 161.975593
##$BF5= 161.975593
##$BF6= 161.975593
##$BF7= 161.975593
##$BF8= 161.975593
##$BWFAC= (0..63)
0 0 0 0 0 0 0 0 0 0 0 0 0 0 0 0 0 0 0 0 0 0 0 0 0 0 0 0 0 0 0 0 0 0 0 0
0 0 0 0 0 0 0 0 0 0 0 0 0 0 0 0 0 0 0 0 0 0 0 0 0 0 0 0
##$BYTORDA= 0
##$CAGPARS= (0..11)
0 0 0 0 0 0 0 0 0 0 0 0
##$CHEMSTR= <none>
##$CNST= (0..63)
1 1 145 1 1 1 1 1 1 1 1 1 1 1 1 1 1 1 1 1 1 1 1 1 1 1 1 1 1 1 1 1 1 1 1
1 1 1 1 1 1 1 1 1 1 1 1 1 1 1 1 1 1 1 1 1 1 1 1 1 1 1 1 1
##$CPDPRG= (0..8)
<waltz16> <> <waltz16> <> <mlev> <mlev> <mlev> <mlev> <mlev>
##$D= (0..63)
3e-06 2 0 0 0 0 0 0 0 0.06 0 0.03 2e-05 4e-06 0 0 0.0002 0 0 0 0 0 0 0
0 0 0 0 0 0 0 0 0 0 0 0 0 0 0 0 0 0 0 0 0 0 0 0 0 0 0 0 0 0 0 0 0 0 0 0
0 0 0 0
##$DATE= 1693407382
##$DE= 6.5
##$DECBNUC= <off>
##$DECIM= 821.333333333333
##$DECNUC= <off>
##$DECSTAT= 4
##$DIGMOD= 1
##$DIGTYP= 12
##$DQDMODE= 0
##$DR= 22
##$DS= 4
##$DSPFIRM= 0
##$DSPFVS= 20
##$DTYPA= 0
##$EXP= <phosphorusCOSY.top>
##$FCUCHAN= (0..9)
0 1 2 0 0 0 0 0 0 0
##$FL1= 90
##$FL2= 90
##$FL3= 90
##$FL4= 90
##$FN_INDIRECT= (0..7)
0 0 0 0 0 0 0 0
##$FOV= 20
##$FQ1LIST= <freqlist>
##$FQ2LIST= <freqlist>
##$FQ3LIST= <freqlist>
##$FQ4LIST= <freqlist>
##$FQ5LIST= <freqlist>
##$FQ6LIST= <freqlist>
##$FQ7LIST= <freqlist>
##$FQ8LIST= <freqlist>
##$FRQLO3= 1239680.16947501
##$FRQLO3N= 0
##$FS= (0..7)
0 0 0 0 0 83 83 83
##$FTLPGN= 0
##$FW= 4032000
##$FnILOOP= 0
##$FnMODE= 0
##$FnTYPE= 0
##$GPNAM= (0..31)
<sine.100> <SINE.100> <sine.100> <sine.100> <sine.100> <sine.100> <sine.100>
<sine.100> <sine.100> <sine.100> <sine.100> <sine.100> <sine.100> <sine.100>
<sine.100> <sine.100> <sine.100> <sine.100> <sine.100> <sine.100> <sine.100>
<sine.100> <sine.100> <sine.100> <sine.100> <sine.100> <sine.100> <sine.100>
<sine.100> <sine.100> <sine.100> <sine.100>
##$GPX= (0..31)
0 0 0 0 0 0 0 0 0 0 0 0 0 0 0 0 0 0 0 0 0 0 0 0 0 0 0 0 0 0 0 0
##$GPY= (0..31)
0 0 0 0 0 0 0 0 0 0 0 0 0 0 0 0 0 0 0 0 0 0 0 0 0 0 0 0 0 0 0 0
##$GPZ= (0..31)
0 10 0 0 0 0 0 0 0 0 0 0 0 0 0 0 0 0 0 0 0 0 0 0 0 0 0 0 0 0 0 0
##$GRDPROG= <grad_out>
##$GRPDLY= 67.9934997558594
##$HDDUTY= 20
##$HDRATE= 20
##$HGAIN= (0..3)
0 0 0 0
##$HL1= 90
##$HL2= 90
##$HL3= 90
##$HL4= 90
##$HOLDER= 39
##$HPMOD= (0..7)
0 0 0 0 0 0 0 0
##$HPPRGN= 0
##$IN= (0..63)
0.0004116 0.001 0.001 0.001 0.001 0.001 0.001 0.001 0.001 0.001 0.001 0.001
0.001 0.001 0.001 0.001 0.001 0.001 0.001 0.001 0.001 0.001 0.001 0.001
0.001 0.001 0.001 0.001 0.001 0.001 0.001 0.001 0.001 0.001 0.001 0.001
0.001 0.001 0.001 0.001 0.001 0.001 0.001 0.001 0.001 0.001 0.001 0.001
0.001 0.001 0.001 0.001 0.001 0.001 0.001 0.001 0.001 0.001 0.001 0.001
0.001 0.001 0.001 0.001
##$INF= (0..7)
0 411.6 0 0 0 0 0 0
##$INP= (0..63)
0 0 0 0 0 0 0 0 0 0 0 0 0 0 0 0 0 0 0 0 0 0 0 0 0 0 0 0 0 0 0 0 0 0 0 0
0 0 0 0 0 0 0 0 0 0 0 0 0 0 0 0 0 0 0 0 0 0 0 0 0 0 0 0
##$INSTRUM= <spect>
##$INTEGFAC= (0..63)
0 0 0 0 0 0 0 0 0 0 0 0 0 0 0 0 0 0 0 0 0 0 0 0 0 0 0 0 0 0 0 0 0 0 0 0
0 0 0 0 0 0 0 0 0 0 0 0 0 0 0 0 0 0 0 0 0 0 0 0 0 0 0 0
##$L= (0..31)
1 1 1 1 1 1 1 1 1 1 1 1 1 1 1 1 1 1 1 1 1 1 1 1 1 1 1 1 1 1 1 1
##$LFILTER= 500
##$LGAIN= 5
##$LINPSTP= 0
##$LOCKED= yes
##$LOCKFLD= 9253
##$LOCKGN= 121.007064819336
##$LOCKPOW= -20
##$LOCKPPM= 2.49000000953674
##$LOCNUC= <2H>
##$LOCPHAS= 144.0597
##$LOCSHFT= yes
##$LOCSW= 0
##$LTIME= 0.25
##$MASR= 4200
##$MASRLST= <masrlst>
##$MULEXPNO= (0..15)
0 0 0 0 0 0 0 0 0 0 0 0 0 0 0 0
##$NBL= 1
##$NC= -6
##$NLOGCH= 3
##$NOVFLW= 0
##$NS= 32
##$NUC1= <31P>
##$NUC2= <1H>
##$NUC3= <off>
##$NUC4= <off>
##$NUC5= <off>
##$NUC6= <off>
##$NUC7= <off>
##$NUC8= <off>
##$NUCLEUS= <off>
##$NUSLIST= <automatic>
##$NusAMOUNT= 25
##$NusFPNZ= no
##$NusJSP= 0
##$NusSEED= 54321
##$NusSPTYPE= 0
##$NusT2= 1
##$NusTD= 0
##$O1= -12148.169475
##$O2= 1600.5
##$O3= 0
##$O4= -8098.81504827104
##$O5= -8098.81504827104
##$O6= -8098.81504827104
##$O7= -8098.81504827104
##$O8= -8098.81504827104
##$OVERFLW= 0
##$P= (0..63)
10 10 20 10.4 20.8 0 0 0 0 26 52 0 0 0 0 200000 1000 2000 0 600 2500 0
0 0 1000 0 0 10 1000 0 0 0 0 0 0 0 80000 0 0 0 0 0 0 10000 0 0 0 0 0 0
0 0 0 0 0 0 0 0 0 0 0 0 0 0
##$PACOIL= (0..15)
0 0 0 0 0 0 0 0 0 0 0 0 0 0 0 0
##$PAPS= 2
##$PARMODE= 1
##$PCPD= (0..9)
100 0 90 100 100 100 100 100 100 100
##$PEXSEL= (0..9)
1 1 1 1 1 1 1 1 1 1
##$PHCOR= (0..31)
0 0 0 0 0 0 0 0 0 0 0 0 0 0 0 0 0 0 0 0 0 0 0 0 0 0 0 0 0 0 0 0
##$PHLIST= <>
##$PHP= 2
##$PH_ref= 0
##$PL= (0..63)
120 6.2 -4 120 120 120 120 120 120 120 120 120 14.6 14.6 48.24 6.64 120
120 6.2 27.1 120 50.52 120 120 47.59 120 120 120 120 120 14.6 9.6 120 120
120 120 120 120 120 120 120 120 120 120 120 120 120 120 120 120 120 120
120 120 120 120 120 120 120 120 120 120 120 120
##$PLSTEP= 0.1
##$PLSTRT= -6
##$PLW= (0..63)
-1 25.368 26.942 0 0 -1 -1 -1 -1 0 0 0 0.35976 0.2914 0 4.3107 0 -1 25.368
0 -1 0.00011656 -1 0 0.001865 0 0.1865 0 -1 0 0.35976 1.439 0 -1 -1 -1
0 -1 -1 -1 -1 -1 -1 -1 -1 -1 -1 -1 -1 -1 -1 -1 -1 -1 -1 -1 -1 -1 -1 -1
-1 -1 -1 -1
##$PLWMAX= (0..7)
421 42.7 0 0 0 0 0 0
##$PQPHASE= 0
##$PQSCALE= 0
##$PR= 6
##$PRECHAN= (0..15)
-1 3 -1 1 -1 -1 -1 2 -1 -1 -1 -1 -1 -1 -1 -1
##$PRGAIN= 0
##$PROBHD= <Z125339_0001 (PA TBO 400S1 BB-H/F-D-05 Z)>
##$PULPROG= <cosygppgqf.jd>
##$PW= 0
##$PYNM= <acqu.py>
##$ProjAngle= 0
##$QNP= 2
##$RD= 0
##$RECCHAN= (0..15)
0 1 0 0 0 0 0 0 0 0 0 0 0 0 0 0
##$RECPH= 0
##$RECPRE= (0..15)
-1 3 -1 -1 -1 -1 -1 -1 -1 -1 -1 -1 -1 -1 -1 -1
##$RECPRFX= (0..15)
-1 0 0 0 0 0 0 0 0 0 0 0 0 0 0 0
##$RECSEL= (0..15)
0 1 0 0 0 0 0 0 0 0 0 0 0 0 0 0
##$RG= 2050
##$RO= 0
##$RSEL= (0..15)
0 1 3 0 0 0 0 0 0 0 0 0 0 0 0 0
##$S= (0..7)
83 83 83 83 83 83 83 83
##$SELREC= (0..9)
0 0 0 0 0 0 0 0 0 0
##$SFO1= 161.963444830525
##$SFO2= 400.1316005
##$SFO3= 400.13
##$SFO4= 161.967494184952
##$SFO5= 161.967494184952
##$SFO6= 161.967494184952
##$SFO7= 161.967494184952
##$SFO8= 161.967494184952
##$SOLVENT= <DMSO>
##$SOLVOLD= <off>
##$SP= (0..63)
1 120 120 54.85 120 0 120 120 120 0 120 120 0 0 120 0 150 150 22.75 120.87
118.96 122.27 114.95 150 150 150 150 150 150 120 150 120 120 120 120 120
120 120 120 120 120 120 120 120 120 120 120 120 120 120 120 120 120 120
120 120 120 120 120 120 120 120 120 120
##$SPECTR= 0
##$SPINCNT= 0
##$SPNAM= (0..63)
<gauss> <0.0> <0.0> <0.0> <0.0> <0.0> <0.0> <Squa100.1000> <0.0> <gauss>
<0.0> <0.0> <gauss> <gauss> <0.0> < > <gauss> <gauss> <0.0> <0.0> <0.0>
<0.0> <0.0> <gauss> <gauss> <gauss> <Gaus1_180r.1000> <gauss> <gauss> <0.0>
<0.0> <0.0> <Q3.1000> <> <> <> <> <> <> <> <> <> <> <> <> <> <> <> <> <>
<> <> <> <> <> <> <> <> <> <> <> <> <> <>
##$SPOAL= (0..63)
0.5 0 0 0.5 0 0 0 0.5 0 0.5 0 0 0.5 0.5 0.5 0.5 0.5 0.5 0.5 0 0 0 0 0.5
0.5 0.5 0.5 0.5 0.5 0 0 0.5 0.5 0.5 0.5 0.5 0.5 0.5 0.5 0.5 0.5 0.5 0.5
0.5 0.5 0.5 0.5 0.5 0.5 0.5 0.5 0.5 0.5 0.5 0.5 0.5 0.5 0.5 0.5 0.5 0.5
0.5 0.5 0.5
##$SPOFFS= (0..63)
0 0 0 0 0 0 0 0 0 0 0 0 0 0 0 0 0 0 0 0 0 0 0 0 0 0 0 0 0 0 0 0 0 0 0 0
0 0 0 0 0 0 0 0 0 0 0 0 0 0 0 0 0 0 0 0 0 0 0 0 0 0 0 0
##$SPPEX= (0..63)
0 0 0 0 0 0 0 0 0 0 0 0 0 0 0 0 0 0 0 0 0 0 0 0 0 0 0 0 0 0 0 0 0 0 0 0
0 0 0 0 0 0 0 0 0 0 0 0 0 0 0 0 0 0 0 0 0 0 0 0 0 0 0 0
##$SPW= (0..63)
-1 0 0 0 0 0 0 0.002914 0 -1 0 0 -1 -1 0 -1 -1 -1 0 0 0 0 0 -1 -1 -1 1.0752e-05
-1 -1 0 0 0 0.0050798 -1 -1 -1 -1 -1 -1 -1 -1 -1 -1 -1 -1 -1 -1 -1 -1 -1
-1 -1 -1 -1 -1 -1 -1 -1 -1 -1 -1 -1 -1 -1
##$SUBNAM= (0..9)
<""> <""> <""> <""> <""> <""> <""> <""> <""> <"">
##$SW= 150.346575896366
##$SWIBOX= (0..19)
0 1 0 3 0 0 0 0 0 0 0 0 0 0 0 0 0 0 0 0
##$SW_h= 24350.6493506493
##$SWfinal= 0
##$SigLockShift= 0
##$TD= 1024
##$TD0= 1
##$TD_INDIRECT= (0..7)
0 0 0 0 0 0 0 0
##$TDav= 1
##$TE= 299.9194
##$TE1= 300
##$TE2= 300
##$TE3= 300
##$TE4= 300
##$TEG= 300
##$TE_MAGNET= 0
##$TE_PIDX= 0
##$TE_STAB= (0..9)
0 0 0 0 0 0 0 0 0 0
##$TL= (0..7)
0 120 53 12 22 120 120 120
##$TOTROT= (0..63)
0 0 0 0 0 0 0 0 0 0 0 0 0 0 0 0 0 0 0 0 0 0 0 0 0 0 0 0 0 0 0 0 0 0 0 0
0 0 0 0 0 0 0 0 0 0 0 0 0 0 0 0 0 0 0 0 0 0 0 0 0 0 0 0
##$TUBE_TYPE= <>
##$USERA1= <user>
##$USERA2= <user>
##$USERA3= <user>
##$USERA4= <user>
##$USERA5= <user>
##$V9= 5
##$VALIDCODE= -1
##$VALIST= <valist>
##$VCLIST= <CCCCCCCCCCCCCCC>
##$VDLIST= <DDDDDDDDDDDDDDD>
##$VPLIST= <PPPPPPPPPPPPPPP>
##$VTLIST= <TTTTTTTTTTTTTTT>
##$WBST= 1024
##$WBSW= 4
##$XGAIN= (0..3)
0 0 0 0
##$XL= 0
##$YL= 0
##$YMAX_a= 213095
##$YMIN_a= -230694
##$ZGOPTNS= <>
##$ZL1= 120
##$ZL2= 120
##$ZL3= 120
##$ZL4= 120
##END=
