##TITLE= Parameter file, TopSpin 3.5 pl 6
##JCAMPDX= 5.0
##DATATYPE= Parameter Values
##NPOINTS= 8	$$ modification sequence number
##ORIGIN= Bruker BioSpin GmbH
##OWNER= arbeli
$$ 2023-06-23 09:21:44.466 -0400  arbeli@nmr50pri.chem.columbia.edu
$$ /400SL/data/arbeli/nmr/23062023_AS_HF_standard/4/pdata/1/clevels
$$ process /opt/topspin3.5pl6/prog/mod/dataserver
##$LEVELS= (0..255)
-3509025.20721733 -1949458.44845407 -1083032.47136337 -601684.706312986
-334269.281284992 -185705.15626944 -103169.5312608 -57316.406256 57316.406256
103169.5312608 185705.15626944 334269.281284992 601684.706312986 1083032.47136337
1949458.44845407 3509025.20721733 0 0 0 0 0 0 0 0 0 0 0 0 0 0 0 0 0 0 0
0 0 0 0 0 0 0 0 0 0 0 0 0 0 0 0 0 0 0 0 0 0 0 0 0 0 0 0 0 0 0 0 0 0 0 0
0 0 0 0 0 0 0 0 0 0 0 0 0 0 0 0 0 0 0 0 0 0 0 0 0 0 0 0 0 0 0 0 0 0 0 0
0 0 0 0 0 0 0 0 0 0 0 0 0 0 0 0 0 0 0 0 0 0 0 0 0 0 0 0 0 0 0 0 0 0 0 0
0 0 0 0 0 0 0 0 0 0 0 0 0 0 0 0 0 0 0 0 0 0 0 0 0 0 0 0 0 0 0 0 0 0 0 0
0 0 0 0 0 0 0 0 0 0 0 0 0 0 0 0 0 0 0 0 0 0 0 0 0 0 0 0 0 0 0 0 0 0 0 0
0 0 0 0 0 0 0 0 0 0 0 0 0 0 0 0 0 0 0 0 0 0 0 0 0 0 0 0 0 0 0 0 0 0 0 0
0 0 0 0 0
##$LEVSIGN= 3
##$MAXLEV= 8
##$METHOD= 0
##$NEGBASE= -57316.406256
##$NEGINCR= 1.8
##$POSBASE= 57316.406256
##$POSINCR= 1.8
##END=
