0 0
a 1024 598 635 -9.926017 -14.282435
  1024 599 608 3.954426 3.867775
a 1024 548 584 -4.080696 -8.326825
  1024 598 609 3.958364 3.856451
a 1024 515 538 -0.275723 -2.922660
  1024 600 607 3.947533 3.873683
a 1024 503 538 1.213180 -2.977805
  1024 608 622 3.864821 3.724013
a 1024 530 530 -1.985203 -2.040348
  1024 643 643 3.527080 3.523141
a 1024 505 529 0.937457 -1.819770
  1024 643 653 3.525111 3.428121
a 1024 549 576 -4.246129 -7.334224
  1024 642 649 3.529049 3.459630
a 1024 595 623 -9.595150 -12.848677
  1024 643 649 3.523141 3.466030
a 1024 360 381 17.921975 15.440471
  1024 624 633 3.712690 3.623577
a 1024 351 371 19.004420 16.598797
  1024 579 590 4.145304 4.043388
a 1024 611 633 -11.479665 -14.091153
  1024 587 593 4.069748 4.009406
a 1024 565 582 -6.093471 -8.052087
  1024 588 592 4.063044 4.021858
a 1024 510 535 0.307357 -2.542680
  1024 623 626 3.716029 3.689711
a 1024 508 529 0.586772 -1.872083
  1024 630 633 3.649577 3.621944
a 1024 509 534 0.475006 -2.430914
  1024 634 636 3.613390 3.591679
a 1024 504 528 1.089720 -1.760317
  1024 639 640 3.564045 3.552202
