0 0
a 1024 235 248 -7.940198 -10.724012
  1024 544 555 -75.910170 -76.231206
a 1024 240 248 -9.015763 -10.660744
  1024 601 609 -77.575080 -77.828922
a 1024 236 246 -8.193272 -10.217864
  1024 629 641 -78.396336 -78.747236
a 1024 239 250 -8.762689 -11.040355
  1024 671 678 -79.650617 -79.829800
a 1024 237 246 -8.319809 -10.344401
  1024 682 688 -79.949256 -80.120973
a 1024 242 250 -9.395374 -10.977086
  1024 689 692 -80.150837 -80.262826
a 1024 239 250 -8.889226 -11.103623
  1024 755 763 -82.106919 -82.345829
a 1024 236 248 -8.256541 -10.660744
  1024 766 774 -82.427955 -82.644468
a 1024 271 311 -15.279345 -23.504251
  1024 807 815 -83.622509 -83.868886
a 1024 272 310 -15.532419 -23.314446
  1024 893 901 -86.160936 -86.377449
a 1024 242 246 -9.372607 -10.266423
  1024 844 847 -84.712024 -84.799610
a 1024 894 908 -143.227688 -146.036525
  1024 439 450 -72.843208 -73.155193
a 1024 896 908 -143.642106 -145.967455
  1024 504 512 -74.733710 -74.971314
a 1024 894 903 -143.040778 -145.044545
  1024 312 323 -69.101031 -69.431132
a 1024 895 903 -143.251701 -145.044545
  1024 379 385 -71.077402 -71.250916
