131072
38022 -29.245198
38151 -29.572744
38502 -30.461798
38816 -31.257268
39389 -32.707830
40331 -35.094238
42030 -39.399131
42953 -41.738747
44376 -45.341755
46592 -50.956833
48199 -55.027765
49307 -57.835304
50452 -60.736427
51394 -63.122836
52206 -65.181697
53241 -67.802067
53444 -68.316783
56417 -75.850346
57267 -78.002792
57488 -78.564300
58024 -79.921277
58264 -80.529577
58929 -82.214101
59723 -84.226170
60813 -86.986917
61053 -87.595217
61515 -88.765025
62161 -90.402756
62678 -91.712941
63140 -92.882749
64100 -95.315950
65763 -99.527258
67517 -103.972528
67960 -105.095544
69512 -109.026098
69752 -109.634399
70047 -110.383076
70195 -110.757414
71008 -112.816276
71377 -113.752122
71857 -114.968723
84032 -145.814477
84269 -146.413715
84453 -146.879788
84518 -147.046243
84702 -147.512317
84939 -148.111554
85123 -148.577628
85359 -149.176866
85596 -149.776103
85648 -149.909267
85753 -150.175595
85977 -150.741541
86161 -151.207615
86397 -151.806853
86621 -152.372799
86831 -152.905455
86949 -153.205074
88197 -156.367716
88289 -156.600753
88526 -157.199991
88631 -157.466319
88710 -157.666065
88854 -158.032265
88946 -158.265302
89157 -158.797958
89328 -159.230740
89446 -159.530359
89577 -159.863269
89669 -160.096306
89761 -160.329343
89879 -160.628961
89958 -160.828707
90484 -162.160346
90957 -163.358822
91128 -163.791604
97908 -180.969748
98144 -181.568986
98355 -182.101641
98473 -182.401260
98591 -182.700879
98709 -183.000498
98815 -183.266825
98972 -183.666317
99104 -183.999227
99209 -184.265555
99301 -184.498592
99380 -184.698337
99550 -185.131120
100970 -188.726546
101127 -189.126037
101219 -189.359074
101403 -189.825148
101548 -190.191349
101627 -190.391094
101732 -190.657422
101876 -191.023623
101955 -191.223369
102152 -191.722734
102336 -192.188807
102428 -192.421844
102599 -192.854627
102651 -192.987791
102757 -193.254118
102980 -193.820065
103177 -194.319430
103414 -194.918667
103887 -196.117142
104281 -197.115872
104714 -198.214474
105279 -199.645986
