85
1e-05 0 0
0 0 5
32224 -3.10285e+07 32247
32494 -2.58568e+08 32501
32951.7 -5.40067e+07 32964
33546 -3.0523e+07 33599
34084.2 -5.81876e+07 34092
0.0001 0 0
0 0 5
32224.1 -4.03438e+07 32245
32494.1 -2.73588e+08 32503
32951.8 -6.58505e+07 32966
33546.1 -3.53968e+07 33623
34084.2 -6.30233e+07 34118
0.001 0 0
0 0 5
32224.2 -3.49906e+07 32236
32494.1 -2.66476e+08 32498
32951.8 -5.80734e+07 32970
33546.1 -3.20666e+07 33639
34084.2 -5.63998e+07 34134
0.01 0 0
0 0 5
32224.1 -2.5227e+07 32228
32494 -2.43556e+08 32503
32951.8 -3.96705e+07 32976
33546 -2.24876e+07 33630
34084.2 -3.96061e+07 34113
0.1 0 0
0 0 5
32224.1 -6.88061e+06 32343
32494.1 -1.889e+08 32502
32951.8 -2.04593e+07 33057
33546 -1.09714e+07 33562
34084.1 -2.14693e+07 34133
0.5 0 0
0 0 5
32224 -6.11246e+06 0
32494.1 -7.20258e+07 32505
32951.8 -9.35328e+06 32955
33546.1 -4.26963e+06 33549
34084.2 -1.34566e+07 34086
1 0 0
0 0 5
32224.1 -8.28072e+06 32226
32494.1 5.04274e+07 32514
32951.8 -4.305e+06 32957
33546.1 -771683 33551
34084.2 -9.72533e+06 34088
5 0 0
0 0 5
32224.1 -1.6159e+07 32226
32494.1 5.3228e+08 32508
32951.8 913757 32957
33546.1 1.45494e+06 33551
34084.2 -6.09459e+06 34088
10 0 0
0 0 5
32224.1 -1.96692e+07 32225
32494.1 6.76874e+08 32511
32951.8 -565008 32957
33546.1 831594 33551
34084.2 -7.50901e+06 34089
20 0 0
0 0 5
32224.1 -1.98002e+07 32225
32494.1 7.09357e+08 32502
32951.8 -1.85249e+06 32957
33546.1 769098 33551
34084.2 -7.43868e+06 34089
40 0 0
0 0 5
32224.1 -1.96272e+07 32225
32494.1 7.1052e+08 32507
32951.8 -1.2552e+06 32957
33546.1 608155 33551
34084.2 -8.47405e+06 34088
60 0 0
0 0 5
32224.1 -2.01955e+07 32225
32494.1 7.10811e+08 32504
32951.7 -452812 32957
33546.1 336766 33551
34084.2 -8.13878e+06 34088
-1 0 0
