85
1e-05 0 0
0 0 5
32224 -531454 32247
32494 -9.5693e+07 32501
32951.7 -2.49078e+06 32964
33546 -1.64013e+06 33599
34084.2 -2.11005e+06 34092
0.0001 0 0
0 0 5
32224.1 -611554 32245
32494.1 -9.66034e+07 32503
32951.8 -2.58202e+06 32966
33546.1 -1.67988e+06 33623
34084.2 -2.07429e+06 34118
0.001 0 0
0 0 5
32224.2 -557437 32236
32494.1 -9.29265e+07 32498
32951.8 -2.53472e+06 32970
33546.1 -1.63468e+06 33639
34084.2 -1.94641e+06 34134
0.01 0 0
0 0 5
32224.1 -449726 32228
32494 -9.69159e+07 32503
32951.8 -2.23573e+06 32976
33546 -1.37373e+06 33630
34084.2 -1.68862e+06 34113
0.1 0 0
0 0 5
32224.1 -177027 32343
32494.1 -8.43334e+07 32502
32951.8 -1.48e+06 33057
33546 -811086 33562
34084.1 -1.10509e+06 34133
0.5 0 0
0 0 5
32224 0 0
32494.1 -2.96855e+07 32505
32951.8 890522 32955
33546.1 636811 33549
34084.2 564652 34086
1 0 0
0 0 5
32224.1 154860 32226
32494.1 2.34582e+07 32514
32951.8 3.01685e+06 32957
33546.1 1.8073e+06 33551
34084.2 2.0334e+06 34088
5 0 0
0 0 5
32224.1 404832 32226
32494.1 2.44612e+08 32508
32951.8 6.71138e+06 32957
33546.1 3.37386e+06 33551
34084.2 4.80011e+06 34088
10 0 0
0 0 5
32224.1 413464 32225
32494.1 3.10504e+08 32511
32951.8 6.84235e+06 32957
33546.1 3.40887e+06 33551
34084.2 4.88542e+06 34089
20 0 0
0 0 5
32224.1 417795 32225
32494.1 3.26204e+08 32502
32951.8 6.83658e+06 32957
33546.1 3.38685e+06 33551
34084.2 4.90419e+06 34089
40 0 0
0 0 5
32224.1 394245 32225
32494.1 3.26301e+08 32507
32951.8 6.80867e+06 32957
33546.1 3.41616e+06 33551
34084.2 4.89251e+06 34088
60 0 0
0 0 5
32224.1 367508 32225
32494.1 3.27271e+08 32504
32951.7 6.80342e+06 32957
33546.1 3.39628e+06 33551
34084.2 4.90545e+06 34088
-1 0 0
