32768
23022 -131.588131
23037 -131.772507
23065 -132.112895
23104 -132.595110
23121 -132.793670
23151 -133.162423
23170 -133.403531
23302 -135.020371
23343 -135.530952
23361 -135.743695
23378 -135.956437
23407 -136.311007
23430 -136.594663
23446 -136.793223
23469 -137.076879
23595 -138.622806
23613 -138.849731
23636 -139.133387
23650 -139.303580
23661 -139.431226
23677 -139.629785
23698 -139.885076
23714 -140.083635
23732 -140.310560
23762 -140.679313
23889 -142.239423
23894 -142.296154
23906 -142.452165
23934 -142.792552
23946 -142.934380
23969 -143.218037
23977 -143.317316
24000 -143.600973
24021 -143.856263
24036 -144.040640
24059 -144.324296
24174 -145.742577
24189 -145.926954
24197 -146.026233
24212 -146.210610
24231 -146.437535
24251 -146.692826
24262 -146.820471
24270 -146.919751
24293 -147.203407
24307 -147.373601
24328 -147.628891
24343 -147.813268
24438 -148.990441
24459 -149.245732
24479 -149.486840
24513 -149.912324
24534 -150.167615
24565 -150.550550
24598 -150.947669
24622 -151.245508
24723 -152.493596
24743 -152.734704
24764 -152.989994
24785 -153.245285
24812 -153.585672
24834 -153.855146
24868 -154.266447
24890 -154.535921
24909 -154.777028
24989 -155.755643
25007 -155.982568
25022 -156.166944
25044 -156.436418
25071 -156.762622
25100 -157.117192
25118 -157.344117
25127 -157.457580
25155 -157.797967
