##TITLE= Parameter file, TopSpin 3.5 pl 6
##JCAMPDX= 5.0
##DATATYPE= Parameter Values
##NPOINTS= 1	$$ modification sequence number
##ORIGIN= Bruker BioSpin GmbH
##OWNER= arbeli
$$ 2023-07-06 12:16:00.795 -0400  arbeli@nmr50pri.chem.columbia.edu
$$ /400SL/data/arbeli/nmr/23062023_AS_HF_standard/1137/acqus
$$ process /opt/topspin3.5pl6/prog/mod/edparproc
##$ACQT0= -7.6839824897022
##$AMP= (0..31)
100 100 100 100 100 100 100 100 100 100 100 100 100 100 100 100 100 100
100 100 100 100 100 100 100 100 100 100 100 100 100 100
##$AMPCOIL= (0..19)
0 0 0 0 0 0 0 0 0 0 0 0 0 0 0 0 0 0 0 0
##$ANAVPT= -1
##$AQSEQ= 0
##$AQ_mod= 3
##$AUNM= <au_zg>
##$AUTOPOS= <>
##$BF1= 400.13
##$BF2= 400.13
##$BF3= 400.13
##$BF4= 400.13
##$BF5= 400.13
##$BF6= 400.13
##$BF7= 400.13
##$BF8= 400.13
##$BWFAC= (0..63)
0 0 0 0 0 0 0 0 0 0 0 0 0 0 0 0 0 0 0 0 0 0 0 0 0 0 0 0 0 0 0 0 0 0 0 0
0 0 0 0 0 0 0 0 0 0 0 0 0 0 0 0 0 0 0 0 0 0 0 0 0 0 0 0
##$BYTORDA= 0
##$CAGPARS= (0..11)
0 0 0 0 0 0 0 0 0 0 0 0
##$CHEMSTR= <none>
##$CNST= (0..63)
1 1 145 1 1 1 1 1 1 1 1 1 1 1 1 1 1 1 1 1 1 1 1 1 1 1 1 1 1 1 1 1 1 1 1
1 1 1 1 1 1 1 1 1 1 1 1 1 1 1 1 1 1 1 1 1 1 1 1 1 1 1 1 1
##$CPDPRG= (0..8)
<> <> <> <> <mlev> <mlev> <mlev> <mlev> <mlev>
##$D= (0..63)
0 60 0 0 0 0 0 0 0 0 0 0.03 0 0 0 0 0.0002 0 0 0 0 0 0 0 0 0 0 0 0 0 0
0 0 0 0 0 0 0 0 0 0 0 0 0 0 0 0 0 0 0 0 0 0 0 0 0 0 0 0 0 0 0 0 0
##$DATE= 1673360144
##$DE= 6.5
##$DECBNUC= <off>
##$DECIM= 3328
##$DECNUC= <off>
##$DECSTAT= 4
##$DIGMOD= 1
##$DIGTYP= 12
##$DQDMODE= 0
##$DR= 22
##$DS= 0
##$DSPFIRM= 0
##$DSPFVS= 20
##$DTYPA= 0
##$EXP= <t1ir.top>
##$FCUCHAN= (0..9)
0 2 0 0 0 0 0 0 0 0
##$FL1= 90
##$FL2= 90
##$FL3= 90
##$FL4= 90
##$FN_INDIRECT= (0..7)
0 0 0 0 0 0 0 0
##$FOV= 20
##$FQ1LIST= <freqlist>
##$FQ2LIST= <freqlist>
##$FQ3LIST= <freqlist>
##$FQ4LIST= <freqlist>
##$FQ5LIST= <freqlist>
##$FQ6LIST= <freqlist>
##$FQ7LIST= <freqlist>
##$FQ8LIST= <freqlist>
##$FRQLO3= 1244953.12499999
##$FRQLO3N= 0
##$FS= (0..7)
83 83 83 83 83 83 83 83
##$FTLPGN= 0
##$FW= 125000
##$FnILOOP= 0
##$FnMODE= 0
##$FnTYPE= 0
##$GPNAM= (0..31)
<sine.100> <sine.100> <sine.100> <sine.100> <sine.100> <sine.100> <sine.100>
<sine.100> <sine.100> <sine.100> <sine.100> <sine.100> <sine.100> <sine.100>
<sine.100> <sine.100> <sine.100> <sine.100> <sine.100> <sine.100> <sine.100>
<sine.100> <sine.100> <sine.100> <sine.100> <sine.100> <sine.100> <sine.100>
<sine.100> <sine.100> <sine.100> <sine.100>
##$GPX= (0..31)
0 0 0 0 0 0 0 0 0 0 0 0 0 0 0 0 0 0 0 0 0 0 0 0 0 0 0 0 0 0 0 0
##$GPY= (0..31)
0 0 0 0 0 0 0 0 0 0 0 0 0 0 0 0 0 0 0 0 0 0 0 0 0 0 0 0 0 0 0 0
##$GPZ= (0..31)
0 0 0 0 0 0 0 0 0 0 0 0 0 0 0 0 0 0 0 0 0 0 0 0 0 0 0 0 0 0 0 0
##$GRDPROG= <>
##$GRPDLY= 67.9842681884766
##$HDDUTY= 20
##$HDRATE= 20
##$HGAIN= (0..3)
0 0 0 0
##$HL1= 1
##$HL2= 35
##$HL3= 16
##$HL4= 17
##$HOLDER= 0
##$HPMOD= (0..7)
0 0 0 0 0 0 0 0
##$HPPRGN= 0
##$IN= (0..63)
0.001 0.001 0.001 0.001 0.001 0.001 0.001 0.001 0.001 0.001 0.001 0.001
0.001 0.001 0.001 0.001 0.001 0.001 0.001 0.001 0.001 0.001 0.001 0.001
0.001 0.001 0.001 0.001 0.001 0.001 0.001 0.001 0.001 0.001 0.001 0.001
0.001 0.001 0.001 0.001 0.001 0.001 0.001 0.001 0.001 0.001 0.001 0.001
0.001 0.001 0.001 0.001 0.001 0.001 0.001 0.001 0.001 0.001 0.001 0.001
0.001 0.001 0.001 0.001
##$INF= (0..7)
0 250 0 0 0 0 0 0
##$INP= (0..63)
0 0 0 0 0 0 0 0 0 0 0 0 0 0 0 0 0 0 0 0 0 0 0 0 0 0 0 0 0 0 0 0 0 0 0 0
0 0 0 0 0 0 0 0 0 0 0 0 0 0 0 0 0 0 0 0 0 0 0 0 0 0 0 0
##$INSTRUM= <spect>
##$INTEGFAC= (0..63)
0 0 0 0 0 0 0 0 0 0 0 0 0 0 0 0 0 0 0 0 0 0 0 0 0 0 0 0 0 0 0 0 0 0 0 0
0 0 0 0 0 0 0 0 0 0 0 0 0 0 0 0 0 0 0 0 0 0 0 0 0 0 0 0
##$L= (0..31)
1 1 1 1 1 1 1 1 1 1 1 1 1 1 1 1 1 1 1 1 1 1 1 1 1 1 1 1 1 1 1 1
##$LFILTER= 500
##$LGAIN= 5
##$LINPSTP= 0
##$LOCKED= yes
##$LOCKFLD= 9226
##$LOCKGN= 100.286575317383
##$LOCKPOW= -18
##$LOCKPPM= 4.69999980926514
##$LOCNUC= <2H>
##$LOCPHAS= 145.7641
##$LOCSHFT= yes
##$LOCSW= 0
##$LTIME= 0.25
##$MASR= 4200
##$MASRLST= <masrlst>
##$MULEXPNO= (0..15)
0 0 0 0 0 0 0 0 0 0 0 0 0 0 0 0
##$NBL= 1
##$NC= -6
##$NLOGCH= 1
##$NOVFLW= 0
##$NS= 1
##$NUC1= <1H>
##$NUC2= <off>
##$NUC3= <off>
##$NUC4= <off>
##$NUC5= <off>
##$NUC6= <off>
##$NUC7= <off>
##$NUC8= <off>
##$NUCLEUS= <off>
##$NUSLIST= <automatic>
##$NusAMOUNT= 25
##$NusFPNZ= no
##$NusJSP= 0
##$NusSEED= 54321
##$NusSPTYPE= 0
##$NusT2= 1
##$NusTD= 0
##$O1= 2000
##$O2= 2470.96654339884
##$O3= 2470.96654339884
##$O4= 2470.96654339884
##$O5= 2470.96654339884
##$O6= 2470.96654339884
##$O7= 2470.96654339884
##$O8= 2470.96654339884
##$OVERFLW= 0
##$P= (0..63)
12.07 12.07 24.14 0 0 19.8 30 60 20000 0 0 80000 80000 1000 0 0 1000 2500
100000 600 2500 0 0 0 0 126 100000 12.07 1000 1000 0 0 20000 0 0 0 0 0
0 0 2000 0 0 0 300 0 80000 46600 10000 0 0 0 0 0 0 0 0 0 0 0 0 0 0 0
##$PACOIL= (0..15)
0 0 0 0 0 0 0 0 0 0 0 0 0 0 0 0
##$PAPS= 2
##$PARMODE= 1
##$PCPD= (0..9)
100 90 100 100 100 100 100 100 100 100
##$PEXSEL= (0..9)
1 1 1 1 1 1 1 1 1 1
##$PHCOR= (0..31)
0 0 0 0 0 0 0 0 0 0 0 0 0 0 0 0 0 0 0 0 0 0 0 0 0 0 0 0 0 0 0 0
##$PHLIST= <>
##$PHP= 1
##$PH_ref= 0
##$PL= (0..63)
120 120 120 120 120 120 120 120 120 120 120 120 120 120 120 120 120 120
120 120 120 120 120 120 120 120 120 120 120 120 120 120 120 120 120 120
120 120 120 120 120 120 120 120 120 120 120 120 120 120 120 120 120 120
120 120 120 120 120 120 120 120 120 120
##$PLSTEP= 0.1
##$PLSTRT= -6
##$PLW= (0..63)
-1 34.674 0 0 0 -1 -1 -1 -1 0.00020193 5.6092 0.29871 0 0 0 0 0 -1 34.674
0.62324 -1 0 -1 0 0 0 0 1.2719 -1 5.6092 0 0 8.0772e-06 0 -1 -1 0 -1 -1
-1 -1 -1 -1 -1 -1 -1 -1 -1 -1 -1 -1 -1 -1 -1 -1 -1 -1 -1 -1 -1 -1 -1 -1
-1
##$PLWMAX= (0..7)
42.7 0 0 0 0 0 0 0
##$PQPHASE= 0
##$PQSCALE= 0
##$PR= 1
##$PRECHAN= (0..15)
-1 3 -1 1 -1 -1 -1 2 -1 -1 -1 -1 -1 -1 -1 -1
##$PRGAIN= 0
##$PROBHD= <Z125339_0001 (PA TBO 400S1 BB-H/F-D-05 Z)>
##$PULPROG= <t1ir>
##$PW= 0
##$PYNM= <acqu.py>
##$ProjAngle= 0
##$QNP= 1
##$RD= 0
##$RECCHAN= (0..15)
0 2 0 0 0 0 0 0 0 0 0 0 0 0 0 0
##$RECPH= 0
##$RECPRE= (0..15)
-1 1 -1 -1 -1 -1 -1 -1 -1 -1 -1 -1 -1 -1 -1 -1
##$RECPRFX= (0..15)
-1 -1 -1 -1 -1 -1 -1 -1 -1 -1 -1 -1 -1 -1 -1 -1
##$RECSEL= (0..15)
0 0 1 0 0 0 0 0 0 0 0 0 0 0 0 0
##$RG= 287
##$RO= 0
##$RSEL= (0..15)
0 0 3 0 0 0 0 0 0 0 0 0 0 0 0 0
##$S= (0..7)
83 4 83 83 83 83 83 83
##$SELREC= (0..9)
0 0 0 0 0 0 0 0 0 0
##$SFO1= 400.132
##$SFO2= 400.132470966543
##$SFO3= 400.132470966543
##$SFO4= 400.132470966543
##$SFO5= 400.132470966543
##$SFO6= 400.132470966543
##$SFO7= 400.132470966543
##$SFO8= 400.132470966543
##$SOLVENT= <D2O>
##$SOLVOLD= <off>
##$SP= (0..63)
1 66.39 60.37 120 120 0 56.04 120 120 0 34.96 34.96 0 0 120 0 150 150 120
58.33 56.42 59.73 52.41 150 150 150 150 150 150 20.22 150 120 120 120 120
120 120 120 120 120 120 120 120 120 120 120 120 120 120 120 120 120 120
120 120 120 120 120 120 120 120 120 120 120
##$SPECTR= 0
##$SPINCNT= 0
##$SPNAM= (0..63)
<gauss> <Gaus1_270.1000> <Gaus1_180r.1000> <> <> <Sinc1.1000> <Squa100.1000>
<> <Squa100.1000> <gauss> <Sinc1.1000> <Sinc1.1000> <gauss> <gauss> <>
<> <gauss> <gauss> <> <Sinc1.1000> <Sinc1.1000> <Sinc1.1000> <Sinc1.1000>
<gauss> <gauss> <gauss> <gauss> <gauss> <gauss> <Crp60,20,20.10> <Bip720,50,20.1>
<> <> <> <Rsnob.1000> <Gaus1_180r.1000> <Gaus1_180r.1000> <> <> <> <> <Squa100.1000>
<> <> <> <> <> <> <> <> <> <> <> <> <> <> <> <> <> <> <> <> <> <>
##$SPOAL= (0..63)
0.5 1 0.5 0.5 0.5 0.5 0.5 0.5 0.5 0.5 0.5 0.5 0.5 0.5 0.5 0.5 0.5 0.5 0.5
1 1 1 1 0.5 0.5 0.5 0.5 0.5 0.5 0.5 0.5 0.5 0.5 0.5 0.5 0.5 0.5 0.5 0.5
0.5 0.5 0.5 0.5 0.5 0.5 0.5 0.5 0.5 0.5 0.5 0.5 0.5 0.5 0.5 0.5 0.5 0.5
0.5 0.5 0.5 0.5 0.5 0.5 0.5
##$SPOFFS= (0..63)
0 0 0 0 0 0 0 0 0 0 0 0 0 0 0 0 0 0 0 0 0 0 0 0 0 0 0 0 0 0 0 0 0 0 0 0
0 0 0 0 0 0 0 0 0 0 0 0 0 0 0 0 0 0 0 0 0 0 0 0 0 0 0 0
##$SPPEX= (0..63)
0 0 0 0 0 0 0 0 0 0 0 0 0 0 0 0 0 0 0 0 0 0 0 0 0 0 0 0 0 0 0 0 0 0 0 0
0 0 0 0 0 0 0 0 0 0 0 0 0 0 0 0 0 0 0 0 0 0 0 0 0 0 0 0
##$SPW= (0..63)
-1 4.1908e-05 1.8626e-05 -1 -1 0.014557 0.00020193 -1 5.0483e-07 -1 0.014557
0.014557 -1 -1 -1 -1 -1 -1 -1 2.973145e-05 4.621657e-05 2.157986e-05 0.0001163784
-1 -1 -1 -1 -1 -1 0.19283 3.5899 -1 -1 -1 0.00020363 1.8626e-05 0.0011921
-1 -1 -1 -1 5.0483e-07 -1 -1 -1 -1 -1 -1 -1 -1 -1 -1 -1 -1 -1 -1 -1 -1
-1 -1 -1 -1 -1 -1
##$SUBNAM= (0..9)
<""> <""> <""> <""> <""> <""> <""> <""> <""> <"">
##$SW= 15.0190821644242
##$SWIBOX= (0..19)
0 0 0 3 0 0 0 0 0 0 0 0 0 0 0 0 0 0 0 0
##$SW_h= 6009.61538461538
##$SWfinal= 0
##$SigLockShift= 0
##$TD= 32768
##$TD0= 1
##$TD_INDIRECT= (0..7)
0 16 0 0 0 0 0 0
##$TDav= 1
##$TE= 301.3697
##$TE1= 300
##$TE2= 300
##$TE3= 300
##$TE4= 300
##$TEG= 300
##$TE_MAGNET= 0
##$TE_PIDX= 0
##$TE_STAB= (0..9)
0 0 0 0 0 0 0 0 0 0
##$TL= (0..7)
120 120 120 120 120 120 120 120
##$TOTROT= (0..63)
0 0 0 0 0 0 0 0 0 0 0 0 0 0 0 0 0 0 0 0 0 0 0 0 0 0 0 0 0 0 0 0 0 0 0 0
0 0 0 0 0 0 0 0 0 0 0 0 0 0 0 0 0 0 0 0 0 0 0 0 0 0 0 0
##$TUBE_TYPE= <>
##$USERA1= <user>
##$USERA2= <user>
##$USERA3= <user>
##$USERA4= <user>
##$USERA5= <user>
##$V9= 5
##$VALIDCODE= -1
##$VALIST= <valist>
##$VCLIST= <CCCCCCCCCCCCCCC>
##$VDLIST= <t1_200s_16inc.as>
##$VPLIST= <PPPPPPPPPPPPPPP>
##$VTLIST= <TTTTTTTTTTTTTTT>
##$WBST= 1024
##$WBSW= 4
##$XGAIN= (0..3)
0 0 0 0
##$XL= 0
##$YL= 0
##$YMAX_a= 57233
##$YMIN_a= -70447
##$ZGOPTNS= <>
##$ZL1= 120
##$ZL2= 120
##$ZL3= 120
##$ZL4= 120
##END=
