##TITLE= Parameter file, TopSpin 3.5 pl 6
##JCAMPDX= 5.0
##DATATYPE= Parameter Values
##NPOINTS= 1	$$ modification sequence number
##ORIGIN= Bruker BioSpin GmbH
##OWNER= buitrago
$$ 2024-10-18 10:07:25.413 -0400  buitrago@nmr50pri.chem.columbia.edu
$$ /400SL/data/buitrago/nmr/20241017_T1_PJB006/4/pdata/1/clevels
$$ process /opt/topspin3.5pl6/prog/mod/edparproc
##$LEVELS= (0..255)
-1797841.51984089 -998800.844356049 -554889.357975583 -308271.86554199
-171262.147523328 -95145.63751296 -52858.6875072 -29365.937504 29365.937504
52858.6875072 95145.63751296 171262.147523328 308271.86554199 554889.357975583
998800.844356049 1797841.51984089 0 0 0 0 0 0 0 0 0 0 0 0 0 0 0 0 0 0 0
0 0 0 0 0 0 0 0 0 0 0 0 0 0 0 0 0 0 0 0 0 0 0 0 0 0 0 0 0 0 0 0 0 0 0 0
0 0 0 0 0 0 0 0 0 0 0 0 0 0 0 0 0 0 0 0 0 0 0 0 0 0 0 0 0 0 0 0 0 0 0 0
0 0 0 0 0 0 0 0 0 0 0 0 0 0 0 0 0 0 0 0 0 0 0 0 0 0 0 0 0 0 0 0 0 0 0 0
0 0 0 0 0 0 0 0 0 0 0 0 0 0 0 0 0 0 0 0 0 0 0 0 0 0 0 0 0 0 0 0 0 0 0 0
0 0 0 0 0 0 0 0 0 0 0 0 0 0 0 0 0 0 0 0 0 0 0 0 0 0 0 0 0 0 0 0 0 0 0 0
0 0 0 0 0 0 0 0 0 0 0 0 0 0 0 0 0 0 0 0 0 0 0 0 0 0 0 0 0 0 0 0 0 0 0 0
0 0 0 0 0
##$LEVSIGN= 3
##$MAXLEV= 8
##$METHOD= 0
##$NEGBASE= -29365.937504
##$NEGINCR= 1.8
##$POSBASE= 29365.937504
##$POSINCR= 1.8
##END=
